536365;85123A,71053,84406B,84029G,84029E,22752,21730
536366;22633,22632
536367;84879,22745,22748,22749,22310,84969,22623,22622,21754,21755,21777,48187
536368;22960,22913,22912,22914
536369;21756
536370;22728,22727,22726,21724,21883,10002,21791,21035,22326,22629,22659,22631,22661,21731,22900,21913,22540,22544,22492,POST
536371;22086
536372;22632,22633
536373;85123A,71053,84406B,20679,37370,21871,21071,21068,82483,82486,82482,82494L,84029G,84029E,22752,21730
536374;21258
536375;85123A,71053,84406B,20679,37370,21871,21071,21068,82483,82486,82482,82494L,84029G,84029E,22752,21730
536376;22114,21733
536377;22632,22633
536378;22386,85099C,21033,20723,84997B,84997C,21094,20725,21559,22352,21212,21975,21977,84991,84519A,85183B,85071B,21931,21929
536380;22961
536381;22139,84854,22411,82567,21672,22774,22771,71270,22262,22637,21934,21169,21166,21175,37444A,37444C,22086,22083,84971S,71270,47580,22261,84832,22644,21533,21557,15056BL,15056N,22646,22176,22438,21731,22778,22719,21523
C536379;D
536382;10002,21912,21832,22411,22379,22381,22798,22726,22926,22839,22838,22783
C536383;35004C
536384;82484,84755,22464,21324,22457,22469,22470,22224,21340,22189,22427,22428,22424
536385;22783,22961,22960,22663,85049A,22168,22662
536386;84880,85099C,85099B
536387;79321,22780,22779,22466,21731
536388;21754,21755,21523,21363,21411,22318,22464,22915,22922,22969,22923,21115,22469,22242
536389;22941,21622,21791,35004C,35004G,85014B,85014A,22193,22726,22727,22192,22191,22195,22196
536390;22941,22960,22961,22962,22963,22968,84970S,22910,20668,85123A,22197,22198,21533,21080,21094,21086,21786,22654,21485,84029G,84030E,22174,22969,85099B
C536391;22556,21984,21983,21980,21484,22557,22553
536392;22150,22619,21891,21889,22827,22127,22128,22502,84879,22338
536393;22180
536394;21506,22633,22866,22865,22632,21485,22349,22558,85152,85123A,22652